[100206,
 100307,
 100408,
 100610,
 101006,
 101309,
 101410,
 101915,
 102008,
 102311,
 102513,
 102816,
 103111,
 103414,
 103515,
 103818,
 104012,
 104416,
 104820,
 105014,
 105115,
 105216,
 105620,
 105923,
 106016,
 106319,
 106521,
 107018,
 107321,
 107422,
 108121,
 108222,
 108525,
 109830,
 110007,
 110411,
 110613,
 111009,
 111312,
 111413,
 111716,
 112112,
 112314,
 112516,
 112819,
 114823,
 115320,
 116726,
 117122,
 117324,
 117930,
 118023,
 118124,
 118225,
 118528,
 118730,
 118932,
 119126,
 119732,
 119833,
 120111,
 120212,
 120515,
 120717,
 121416,
 121618,
 121921,
 122317,
 122620,
 122822,
 123117,
 123420,
 123521,
 123824,
 123925,
 124220,
 124422,
 124624,
 124826,
 125525,
 126325,
 126628,
 127327,
 127630,
 127933,
 128026,
 128127,
 128632,
 128935,
 129028,
 129129,
 129331,
 129634,
 129937,
 130013,
 130316,
 130417,
 130619,
 130821,
 130922,
 131217,
 131419,
 131722,
 131823,
 131924,
 132017,
 132118,
 133019,
 133625,
 133827,
 133928,
 134021,
 134223,
 134324,
 134425,
 134728,
 134829,
 135225,
 135528,
 135730,
 135932,
 136732,
 136833,
 137027,
 137633,
 137936,
 138534,
 138837,
 139233,
 139637,
 139839,
 140117,
 140319,
 140420,
 140925,
 141119,
 141422,
 141826,
 142828,
 143325,
 143426,
 144125,
 144226,
 144428,
 144731,
 144832,
 146129,
 149337,
 149741,
 151526,
 153025,
 153227,
 153429,
 153631,
 153732,
 153833,
 154431,
 154532,
 154734,
 154835,
 154936,
 155231,
 155635,
 155938,
 156031,
 156233,
 156334,
 156435,
 156536,
 157336,
 157437,
 157942,
 158035,
 158136,
 158338,
 158540,
 158843,
 159138,
 159239,
 159340,
 159441,
 159744,
 159946,
 160123,
 160729,
 160830,
 160931,
 161327,
 161630,
 161731,
 162026,
 162228,
 162329,
 162733,
 162935,
 163129,
 163331,
 163432,
 163836,
 164030]